id: 3 10
hresa = 63.00, qresa = 1253.3
hmm: 63.0000000000000 75.0000000000000
hrest = 73.50, qrest = 2258.5
id: 4 8
hresa = 56.01, qresa = 1203.0
hmm: 56.0000000000000 79.0000000000000
hrest = 73.68, qrest = 2267.0